0	339578015.8800001
1	29800921.560000006
10	212670856.12
100202	494.66
10057	7314032.339999997
100579	6752939.91
100587	3930.3900000000003
100721	23656.54
10094	116709.73999999999
101229	11389.08
101275	3297.89
101714	1065.28
101797	7601.959999999999
101801	3254.45
101871	14868.33
102151	2804.38
102164	223.42
102412	812.16
102782	3274.9
102887	28317.98
103014	11501.73
10315	123882375.25000003
103283	1451.2
103576	39897.17
103636	69.72
103754	3777.1600000000003
103758	2870.1
103822	3387.34
104043	33110.28
10409	94821.13999999998
104569	9042.84
1046	427116.0800000001
104705	12127.650000000001
104793	32861.15
104857	20783.730000000003
104913	3159.54
10536	404213.29
105409	39419.58
10542	210764.83000000002
105517	10875.94
105635	963.09
105668	339.89
105702	304.87
105893	237.38
10601	112391.62999999999
106086	184.1
106467	4055.8599999999997
107075	741749.9299999999
107298	908.48
107468	16688.43
107844	13244.43
10836	78356.20000000001
108392	3276.59
108575	15100.69
10860	3288399.37
108743	18320.23
108812	191149.69
108815	67912.84
10906	253460.13999999996
109289	12.86
109435	3993.32
109439	3311.72
109628	3817.06
10975	186011.46000000002
10995	669029.0900000001
11	340688099.8300005
110	323688.05
110017	3812.3399999999997
1100201	2923.52
110059	415508.69999999995
1100673	4952925.16
1100738	63445.26
1100761	3173.45
1100807	12264.56
1100847	3317.2
1100911	9056.25
110104	15350.42
1101212	120249.74
1101249	8230.15
110146	72194.25
110164	32571.020000000004
1101955	4622.52
110200	180230.61999999994
1102010	3060.98
1102067	5484.79
1102127	19996.170000000002
1102148	580.3
1102204	5821.5
110229	27132.39
1102336	7374.92
1102568	239.11
1102587	2099.95
1102694	937.75
110283	83309.98000000001
1102889	2777.33
1102912	3156.8500000000004
11032	1749166.8900000006
1103246	45.31
11034	76231.85
1103476	55.27
1103722	1513.1599999999999
110380	2741.9300000000003
1103805	149.71
1103948	1997.67
1103968	17.83
1104290	4475.9
1104351	237.27
1104376	3166.9799999999996
1104595	3124.82
1104770	3653.41
1104776	36775.8
110478	119977.63
110528	156595.08999999997
1105297	9133.97
1105347	886.07
11054	21599840.340000007
1105876	8872.07
1106080	4353.91
1106316	5698.08
1106473	57374.81999999999
1106555	7097.45
1106643	8266689.67
1106973	79.37
110715	935947.1
1107259	854.5
1107417	17609.95
110749	151484692.86
1107705	16065.24
110783	272393130.09
1107855	13325.42
110790	41504.83
1107915	3395.22
11081	521900.17999999993
1108270	78504.20999999999
1108420	10735.779999999999
110851	104438678.57000001
1108523	30142.68
1108539	7475.1
1108586	39828.899999999994
110859	106238.16
1108613	92194.21999999999
1108650	67037.5
110912	3135271.66
1109121	7149.06
1109577	147.39
1109598	62047.509999999995
110968	177685.12
1109792	16227.48
1109922	75211.33
1109923	5550.92
111	41712808.8
1110055	60511.53
1110083	893.84
1110153	198775.12000000002
111026	11267.92
1110266	4610.07
1110462	3855.0499999999997
1110470	10669.84
1110487	819155.48
1110491	50065.97
1110673	90016356.31
111077	110704.77
1110872	677.18
1111126	92.01
1111263	9556.23
1111402	2223.89
1111575	348.88
1111864	2415.83
1111870	86.03
1111872	9395929.12
1111945	28526.84
1112017	1286.43
1112227	14931.65
1112250	41126.16
1112284	661.58
1112334	82487918.69
1112348	9956.33
111247	122544.15000000001
1112858	169118610.26
1112890	23301.369999999995
1112895	11539.58
1113025	153.65
1113328	26555.62
1113404	24006.08
1113430	645.78
1113690	10404.779999999999
1113698	9730.08
1113931	16511.78
1113968	12897.45
1114267	48105.75
1114393	27295.15
111443	51976.17
1115086	25922.96
1115146	22575.04
1115227	3182.56
1115265	1684.53
1115344	6379.3
1115431	6017.3
1115501	1283.42
111554	186001.71
111589	13980.369999999999
1115965	199362.22999999998
111606	315464.05
111632	119590.59
1116485	1658123.25
1116498	8.1
1116576	3718.92
1116606	5944.610000000001
111667	15525.23
1116915	6018.98
1116941	638.61
1116965	2026.87
111736	61592.29
111742	1770.05
1117517	117.21
1117575	1373.66
1117703	1660.54
111783	1006.5699999999999
111794	2477.03
1117975	5220.5199999999995
111800	2263.3
1118250	2668.73
1118272	18845.71
1118360	199511.25
1118550	5679.04
1118699	2424.27
1118947	197.3
1119009	33.3
111904	165096.03
1119113	7188.35
1119156	15215.28
11194	133043.02
1119405	7012.89
1119554	4181.19
1119986	486.8
112	7019526.55
112010	57436998.48
1120244	6846.870000000001
1120303	23178.57
1120582	20518.08
1120912	4869.34
1121126	3049.13
112136	128670.23
112140	23494243.169999994
1121447	1420.7
112166	473310.99000000005
1121683	2269.6
1121712	951.72
1121765	12144.19
112191	69073.12
1122178	12992.14
112223	7624.8
112264	150902.03
1122655	30310.18
1123221	550.34
1123242	197.95
1123350	4347.2
1123554	12760.29
1123862	511.87
1124285	884.88
1124433	1157082.75
1124697	12189.23
112480	8189.380000000001
1124918	63734.920000000006
112497	76452671.7
1124978	57492.899999999994
1125022	15405107.700000001
1125198	1950.22
1125334	24930.02
1125440	5732.04
1125468	7612.13
1125491	175982.49000000002
1125553	54962.93
1125817	25634.96
112599	66163.18
11260	250172.78999999995
1126049	7120.93
1126098	8458.53
1126158	6376.62
112616	24546882.160000004
1126424	93615.13000000002
1126548	38256.64
1126846	7968.18
112690	36910.21
1126971	4081.89
1127	221010.68
112719	72601.72
1127193	24132.969999999998
1127255	124613522.16
1127334	4061.6
1127421	4568.0
1127937	3886.26
1128186	821.93
112845	662.44
112885	15317.93
1129033	2885.9
1129318	14364.59
112934	77948.01
1129439	17733.21
112944	122936.72
1129736	635.49
112979	67896.69
1129846	5202.55
1129912	4156.8
1129930	4405.81
1129957	11800.18
113	2065072.1300000001
113003	97521.81999999999
1130120	34603.799999999996
1130325	1277.38
11304	27333958.58
1130559	2160.16
1130767	5884.45
113107	384092.7699999999
1131075	6078657.96
113148	529558.84
11315	1174540.8199999998
113154	168802.16
11316	120716.47999999998
1131673	930.91
113196	156492.2
1131960	871.11
1132172	4885.27
1132190	21351.4
113222	85024.56
1132391	8075.84
1132535	5794.44
1132617	44585.47
1132835	1669.33
1133120	6320.56
1133290	2826.01
1133299	11618.19
1133319	1770.38
1133401	53800.19
113360	18154.25
1133674	10020.06
113368	23679.22
1134092	44448.39
11342	109077.43999999999
1134339	110597.51
1134383	697.17
1134461	108.56
1134708	35380.68
1134782	7848.97
1134834	7795.49
1135008	5603.9
1135047	1867.92
1135142	1290984313.36
113528	96458.19
1135369	1687.88
113543	129616.09
1135472	2781.18
1135502	3012.6800000000003
1135766	128043.2
1136101	8306.36
1136230	185426.06
1136232	2017.09
1136268	808.76
113644	1865744.9
1136446	76015.52
1136476	1827.61
113649	45.67
113667	14722863.729999999
113681	2113.46
1136916	1390.58
1137	13129718.520000001
113715	6327.79
113716	5857.710000000001
1137633	8789.38
1138235	1232.12
1138262	1431.93
1138398	12912.73
113841	135869.22
113957	31389.47
113958	22428.29
1139586	121286.95
1139812	2394.16
113989	363962.63999999996
114	5160890747.658978
1140119	18334003.189999998
114013	2148.29
1140162	1048902.34
1140210	27011756.680000003
1140226	2310.83
114025	3733.98
1140255	6175.33
1140329	30748.29
114078	60462.32
1141046	6208.19
1141152	1778.32
1141320	438538232.53000003
114143	40265.53
1141540	13410841.17
114160	2647.54
1141774	401180.75
1142048	313713.04
1142144	809.0
114251	10521.03
1142656	4973.57
114352	55590.2
1143654	443494.07000000007
114367	24266.039999999997
1143779	164.0
1143806	1932748.0999999999
1143894	82622.16
1143903	935710.2799999999
1143929	94756.59
1144021	3858.67
1144282	10855.13
114436	3338.74
114468	1906.79
1145030	4621.9
1145307	2410.1
1145440	3871.55
1145675	53179.740000000005
1145677	154327.24
1145753	37523.35
1145859	362.35
114620	14929.08
1146244	114889.19
1146258	158424.63999999998
1146370	54725.42999999999
1146570	249137.11
114667	203650.15999999997
11469	5455466.239999999
1147042	1519120.65
1147048	8425.83
114706	91028.88
1147182	23128.940000000002
114728	2797398.1000000006
114730	3636.28
1147490	1842.31
114771	4091.84
1147916	2299.53
1147987	96043.31
1148	144513037.93999997
1148238	68982.51
1148243	1004638.93
1148539	2561.65
1148568	36879.6
114874	9104427.05
114885	20789.7
1148897	175849.27000000002
1148946	36619.7
114916	3133.2000000000003
1149341	435.95
1149433	2885.03
1149539	1952.63
1149623	4948.3
114965	704.88
1149706	7950.05
1149723	1779.49
114976	23489343.69
1149892	99834.77
115	18634963.22
1150051	1643.29
1150063	21489.68
1150110	32048.730000000003
115019	74156.65
115030	2347.0
115036	3338045.4099999997
115079	39790.34
115081	3041.53
1150857	1999.48
1151121	115.84
115114	505.82
1151215	7.22
1151238	16058.36
1151707	26544.93
115177	1723.97
1151894	131715.06
1151903	7790.07
11520	4113586.1599999997
1152033	1038684409.47
1152150	4105.11
115230	54203.27
1152499	1205.71
1152549	28254.4
1152769	1273.44
115290	167478.82000000004
1153161	3091.83
1153289	2923.18
1153395	5041.26
1153398	3351.4
1153462	4004.61
1153662	11858.11
1153698	71699.01
1153855	14923.99
115411	26262.74
1154257	3845.69
1154718	341633.45
115474	73470.69
115489	67067.83999999998
1154928	133038.88
115527	7901.01
115541	537968.1799999999
1155842	17.67
1156265	59064.42
1156293	180435.21000000005
1156334	12239.44
1156624	1113.96
115664	18354.15
1156769	687370.14
1157002	352.45
1157032	2859.88
1157150	11408.65
1157227	52961.920000000006
1157615	34665.17
1157705	72847.12000000001
1157712	22389.989999999998
1157761	1316.11
1157806	896428.97
1158029	5624.23
115803	432142.37
115813	72375.04000000001
1158193	271875.84
1158226	48535.95
1158241	38001.509999999995
1158270	24503119058.86
1158521	36170.9
1158540	80873.81
1158671	61411011.3
11587	148733.25
115878	1927.51
115887	3288905.0400000005
1159000	97765.62
1159215	1892.21
1159347	12152.8
115947	1329.88
115955	34401.509999999995
1159590	5133574.8
1159876	2551.46
1159958	36590.55
116	6992.97
116024	25967.350000000002
116039	29455876.45
116063	83660.23
116065	1934.12
1160721	35311.07
1160725	30918.43
1160744	2345.83
1160753	2116.08
116097	30431.61
116101	9773.74
1161026	33.05
11611	115536.31
116139	254499.8
1161483	59981.1
1161539	73884194.84
1161640	14288.44
1161744	10726.43
1161746	16515.67
1161775	26508.059999999998
1161896	1023.29
1161912	11104.28
116199	145.08
116290	111221.47999999998
1163032	51243.01
1163047	24187.12
1163058	189022.77
116312	273492.74000000005
1163205	24272.93
116385	74938.04999999999
1163934	6052.98
1164869	577.93
116493	5400442.83
116505	541861.8200000001
116510	27071.41
116567	204656.1
1165944	7868.850000000001
1166034	19600.65
116612	186017.73
1166137	44690.14
1166267	15987.09
1166277	3352.31
1166358	3421.24
1166506	3992.45
116674	134428.66
116680	6786.23
1166831	9749.12
1166873	6469.17
1166979	16561.85
1166984	4722.7
1167089	100514.43999999999
1167145	8100.64
116754	778472.2199999997
1167781	5994.71
1167924	575669.0
116803	67898.15
1168060	307769.01
1168145	1191.1
1168280	2712.72
116837	117388.11
11686	134191.76
116869	121747393.90999998
1168765	4192.8
116905	9322.939999999999
1169237	5588.29
1169264	5949.92
1169299	1661800180.52
116938	1743.63
1169693	1073.19
1169715	20612.820000000003
1169920	1153.1
1169924	3725.4300000000003
1169977	2410.37
1170029	24708226.740000002
1170111	7345.05
1170120	4936.4
1170155	6838.910000000001
1170512	21469.22
1170606	6939.24
1171004	1369.1
117126	3551.32
1171297	1201.02
1171552	7652.63
1171678	4750.12
1171837	897859.9299999999
117184	25053.03
1172375	1546.44
1172392	4562.24
117283	3022233.06
117305	46312526.59
1173065	5902.17
11734	218896.81
1173543	4621.7
1173969	2465.88
1174561	563.67
117488	3262.26
1175255	1055.08
1176043	419.48
117608	4228.9
117612	2985449.95
1176233	2781.53
117636	7801.870000000001
1176786	2277.58
1177029	1768.81
1177111	349.92
1177141	3896.91
1177254	8275.71
1177462	1374.6
1177575	4702.0
1177596	194.63
1177796	4868.32
1177830	17599.050000000003
1178004	1974.14
1178056	6.73
1178167	2318.15
1178516	4914.21
1178537	978.78
1178712	2464.06
1178733	1014.68
117901	3841.64
1179064	3930.24
117909	3581812.7199999997
1179413	290.62
11796	22224691.58999999
11798	319004499.64000005
1180130	4200.65
1180218	185007.98
1180331	63470.79
1180412	201356.22999999998
1180640	11586.06
1180645	1295.07
1180658	228133.44
1180722	53448.05
1180823	62467.28
118084	508.47
118087	22111.239999999998
1180924	64161.44000000001
118122	4831.29
1181597	35124.86
1181810	164537.44
1182290	37212.92
1182426	30863.86
118247	962197.86
1182559	237548.96
1182567	7904.49
1182596	5986.27
1182679	36839.28
1182686	82915.72
118279	29174.43
1182821	132052.71000000002
118291	48363.97
1183024	3984.9
118303	2178034.4499999997
1183363	384.62
1183386	9988.61
1183392	38777.45999999999
1183475	120562.45
1183496	36961.149999999994
1183927	16031.2
1183931	42639.44
1184115	31217.48
118417	17748.45
1184568	13224.56
11848	194360.88
1184938	51708.3
1185276	560.5
11853	319064.25
1185400	27259.679999999997
1185525	11132.21
1185550	11048.86
1185572	2989.27
1185966	76322.68
1186249	6936.8
1186293	18563.72
118669	130280.64000000001
118676	159553.19
1186824	150031.09
1186837	9484.85
1186842	2131.19
118693	172833.58000000002
1187327	24552.69
1187422	8871.99
1187482	157007.35
1187494	18176.02
1187760	20864.73
1187764	25959.78
1187849	3465.92
118788	717.6
118815	56055.170000000006
118851	77.66
118862	23951617.07
118871	5119.6
1188836	2184.85
1188980	2747.23
1189155	7728.91
118925	53650.41
118945	4115.48
1189576	4744.61
1189711	74922.21
1189755	10223.6
1189805	3888.59
118982	160114301.7
119	100140065.79
119019	78740.81
1190206	88563.25
1190647	2404.26
1190687	42409.56
11907	37634756.63
1190821	44334.9
1190841	6415.3
1191066	2516.94
1191170	2835.23
1191188	31588.62
1191546	483.26
1191713	4608.48
1191793	3666.19
119206	57999.17999999999
1192093	869.18
119211	237012.34
1192540	9400.68
119259	8413439.180000002
1192622	23029.54
1192632	654.65
1192847	11859.95
1193002	231.81
1193090	25683.280000000002
119335	1554077.3399999999
1193393	1795.98
119344	6985.700000000001
1193441	28374.06
119393	3315.68
1194340	24129.45
1194940	13430.96
1195146	6389.48
1195715	20459.08
1195728	8009.0
1196217	16828.82
119640	6310.72
1197020	1762.49
1197469	42350.89
119797	22996978.799999997
1197974	3100.57
1198002	1897.81
119824	21122.59
1198523	3482.36
119948	22456.120000000003
12	332706290.6500001
120011	68198.85
1200819	16760.22
1200829	22354.78
120090	99863.73
1200955	159629.5
1201031	31826.96
1201079	120781.04000000001
1201184	10156.31
1201465	39117.490000000005
1201701	11584915781.77
1201769	14730.35
1201851	405.7
1201853	15039.060000000001
1202083	18443.49
1202212	509606.99
1202290	342.16
1202556	2332.17
1202641	1337.57
1202716	135298.26
1202905	12068.38
1202915	6364.86
1202935	1461.3899999999999
1203	761161.27
1203051	85627.37
1203147	855.96
1203580	96665.23
1203587	38912.63
120366	5466.57
120376	23593.550000000003
120389	64766.93000000001
1204136	8131.6
1204214	350.43
1204238	342764052.48
120442	4735.99
120455	5650.099999999999
1204563	13172.960000000001
1204591	173003.61
120496	68177.39
120523	178.24
1205255	4054.81
1205353	8016.31
120571	157206.38
1206570	46364.41
12068	306959.99999999994
12075	83913.52
120788	83634.98000000001
120797	21497.8
1208	30910223.160000008
120825	488.56
1208441	556.55
1209169	0.515652
1209449	0.430493
1209474	0.687427
1209563	5.2115029999999996
1209574	1.1452229999999999
120961	2108131.0600000005
120997	94995.97
121	1710900.6599999995
1210097	5437.5
121027	37620.85
1210646	0.5444260000000001
1210700	0.6365890000000001
121088	205.54
121110	4624.61
121111	3365959.5600000005
1211444	1.055083
121147	33316.67
1211510	2.50192
121160	348.84
1211650	0.995299
121178	82262.43000000001
1212142	208.968395
121225	131540.93000000002
1212258	0.756847
1212535	0.210142
1212562	1.480093
1212724	0.737913
1213	12236225.519999994
1213259	0.034421
121396	20348520.419999998
121421	3259639.7000000007
121436	114646.20000000001
1215189	0.160672
121523	350421.1600000001
1215340	0.398401
121546	9306473.67
1215649	4698.19
121582	934.1
1216	979363706.0700002
1216191	1596.99
1217488	0.20875
1217496	0.551785
1217566	0.131935
12180	101276.77
121811	94427.90999999999
1218122	2.868376
1218162	195.93653700000002
1218261	0.054985000000000006
121830	44047.299999999996
1218439	0.147053
1218583	2.9293090000000004
1218617	0.252409
1218685	0.107929
121970	9889.65
1219884	0.408709
122015	175.33
122097	123958.71999999999
122120	77314938.32999998
1221978	0.08799
1222519	1781.2
122252	627270592.3300002
122300	88092.98999999999
122314	4200.86
122407	48478.399999999994
122489	43395.81
122537	59976.03999999999
122550	41392.19
1226	162693442.68999988
122601	5581.24
122658	5111.46
122739	30857.140000000003
12284	101910.73999999999
12285	168821.71000000002
122885	4503.03
122917	42595.0
122953	287390.42
122958	5344.94
122994	1985.49
123	1.08212
123000	114102.84999999999
123011	67512.83
123117	240709.84
123270	17816.7
123277	1356.08
123281	1168187.81
123288	7964.77
123290	11216.25
123303	22923.530000000002
123424	77367.36
123447	528.51
123469	72659.05
123499	172.15
12351	61625.79
123592	24870.750000000004
123621	4915340.309999999
12377	79121.84
123785	2317.76
123861	49105.79
123862	2044699.99
123961	43180.68
123964	80204903.97999999
12425	15436441.429999998
124323	58331.63
124364	192413.76
124373	29581.28
12456	252288708.3599999
124588	105153.27999999998
124667	147108.73999999996
124800	669868.7999999998
124809	113713.57
124874	7403.78
124877	4831.34
124909	62520.98
125020	81.42
125106	409097.75
125205	9919.900000000001
125255	217344.17000000004
125319	136833.52
125344	76548.12
125414	77998.7
125418	100104.95999999999
125437	67377.81
125585	435.08
125597	43888.93
125666	4398.59
125776	16849.92
12582	459278.50999999983
125823	164.74
125850	66728.76999999999
125872	32728.86
125957	47458.42999999999
125972	1208342.5899999999
126083	2147.44
126102	46928.979999999996
126109	26301.58
126145	53773.78
126178	20786.0
126191	799.4399999999999
126364	2162.25
12648	66035.54000000001
126610	18756.420000000002
126614	288832923.03000003
126747	17921.010000000002
126765	22029.17
126767	31379.11
126794	184446.60999999996
126831	43680.17
12696	492905.12
127022	335558.63
127128	1681.25
127172	3621.62
127196	29024.370000000003
127219	52482.619999999995
127227	33626.240000000005
127239	36757.4
127355	104791.36999999998
127396	71811.81999999999
127430	34986.21
127447	27607.149999999998
127476	2238390.96
127565	51066.350000000006
127567	28758.97
12763	275102.83999999997
127690	17626.56
127707	190662.8
127723	19216.96
127790	27653.249999999996
127804	66258178.12
127838	853013.4999999998
128082	62.33
128122	19636.63
128123	8305.67
128238	49151.899999999994
128242	5846003.05
128456	73972.59
128463	39758.35
128482	18673.67
12860	61523.01999999999
128610	31576.960000000003
12866	13680253.990000002
128680	25687.97
128682	1535.97
12869	2703174.14
128727	30025.16
128748	802.48
128780	5716.68
128812	5404.43
12882	49766.270000000004
12883	127278994.44999997
128901	5651.52
128919	248749964.76000002
12893	328330358.24
128930	5717.4
128961	2482.7299999999996
129054	11352.26
129092	70566.59999999999
129160	3406.05
129315	2372.29
129447	58721.57
129449	41404.66
129528	24094505.2
129580	6480950.6899999995
12963	59903378.42999999
129736	15485.11
12983	167810.88999999998
129834	661945.42
129856	16419.19
12986	16337264.100000003
129862	304.97
129991	12585.5
13	30338506.060000002
130133	9912.52
13016	12425609.42
130172	1291656.76
130191	44357.64
130280	9813.960000000001
130310	106590.37000000001
130596	118876.86
130667	2205.14
130721	6607.429999999999
130722	4517.35
130741	1451.56
130999	178050.97000000003
13104	30857736.589999996
131064	875.03
131105	46894.0
131127	174041.71
131185	411469.48999999993
13119	16223431.399999999
131208	2127.9399999999996
131226	21451.670000000002
131244	46694.34
1313	3417767.6599999997
131380	52444.98
131429	1025530093.7599999
131458	2007937.1299999997
13146	1525808118.74
1315	307367825.30999994
131503	99125.78
131593	4171.96
131624	416.81
131714	3859.08
131750	32768.58
13179	105239.21
131832	16124.150000000001
131849	24044.29
132018	24.33
132031	48947.8
132115	1603.12
132251	20980043.479999997
132268	1051065.56
13235	147090211.36999992
132385	7867.26
132398	28527.839999999997
13247	148688.36999999997
132502	6263.879999999999
132544	6272.76
132566	2339.17
132814	48841.64
13293	317203.5799999999
132965	16718.99
132966	9264.31
13305	994912971.0100002
133099	54817.09
133109	10356.31
133413	199147.22
13347	335294.48000000004
133473	39153.84
133559	794277664.9100001
133663	1240743822.58
133809	29117788.76000001
133966	15078.92
133970	37485.03
133973	12197.5
134039	3814.55
134252	20486732.750000004
134266	14306862.0
134333	7504.11
134420	1975.35
134536	50297.270000000004
13455	83396.82000000002
134597	457248.5299999999
1347	761885.4899999996
134888	67099.89
134945	7862.25
134966	128976.58
134999	43566.409999999996
135070	358771.92000000004
135106	2446920.87
13514	41141.52
135159	3474.44
135161	1317644.15
135165	1347474.4
135226	2320.69
135246	199.06
135248	53878.02999999999
135281	5129.97
135282	5948.64
135325	25004.88
135332	54734.54
135385	60081.02
135387	7532.9
135395	16991.48
135467	35591.79
135680	315.9
135737	992.83
135895	3354.52
135944	3881.41
13600	347709.18999999994
13612	159234.25
136147	573.53
136173	37584.11
136202	669487.12
136239	511346.24
136333	75.44
136339	127960.81000000003
13664	131476129.41
136669	760.77
136708	322613.69999999995
136723	3736.62
13676	50194.55
136830	94.69
136838	1682897.8100000003
13688	287514.79000000004
136903	60428684.559999995
137029	11162.64
137064	4286833.7
137089	439023.15
137132	185499.71
13717	71334.8
137258	694656017.64
13729	1566678.5099999995
137305	49282.310000000005
137332	2846.28
137376	26865.96
13747	70353.65000000001
137532	71975.81
137747	5344.05
137768	19520822.919999998
137858	17580.12
137862	8721.07
137981	3294.76
138135	307920.72
138195	451856.4
138205	30837.17
138222	905075.5599999999
138277	170071.12
138336	21978.329999999998
13843	680642.6499999999
138453	1293912.3500000003
138536	2678811.33
138597	35902.96
138605	2096127.0899999999
138614	1894.26
13864	99805.84
138713	489358.51
138801	4581.79
138848	687817.15
138987	230586.72999999998
138994	7262847.39
139124	47381.61
139257	63319.73
139273	110488.83
139413	395803.88999999996
139429	948421.9499999998
139457	103.35
139471	25.63
139674	257436.02000000002
139801	195400.08000000002
139890	341024.3999999999
139958	86055.39
139966	69270.15000000001
139967	20661.4
14	133013810.33
140160	31352.030000000002
140205	28871.78
140237	18790.92
14027	222633.03
140277	47199.979999999996
14031	25162734.24
140342	21554.98
140373	40348.55
140416	22570.85
140440	4813.74
140486	1191630.41
140569	26663.36
140601	465925352.91999996
140756	121659.57
140811	21657705361.7
140949	80975509.67
141242	1349171.5
141305	127602778.72
141306	248125.28999999998
141438	23530.89
141460	148303.09
141636	117765.58000000002
14174	119557.92
141741	14686.400000000001
141807	156874.71999999997
141911	319467.07999999996
142138	1756.63
142153	284188.36000000004
142155	376456.61
142327	379366.37000000005
142360	1040.66
142444	18533835.38
14246	121574.23000000003
14247	48056.75
142473	44703.82
142619	15888.449999999999
142620	757824.8200000001
142661	414362.52
142662	173646.56
142675	149949.88
142683	9787.27
142805	103345.37000000002
142836	22282.340000000004
142848	85778.1
143079	180063.44
143213	1153938.22
143234	12972326.280000001
143318	808378.74
143446	118451711.44
14350	56600.590000000004
143617	5774.13
143625	213916.43
14374	143640.41999999998
143779	250856.83
143825	1251785.92
143998	72724.23999999999
144106	602574.32
144122	23655.879999999997
144132	916174.0200000001
144143	149221.79
1442	1421151.7900000003
14420	151114.1
144319	2704.12
144337	54993.73
144413	14858.73
144465	2263595.57
144521	3258.13
144570	9913.72
144764	103149.67000000001
144856	2019.01
144858	65656.15
144868	27761.64
144972	6993.73
145070	15463.87
145174	39771.44
145223	101447.56
145235	4677.47
145361	178972.14
145378	33172.62
145451	1980.25
145457	37324.19
145720	423504.52
145789	2278.05
14586	70250.37999999999
14595	42971.59
145996	191391.22
146041	164033.09
146147	10557.9
146178	359578.54000000004
146196	68.03
146202	913.03
146293	1833.13
146309	67028.35
146332	177061.19
14639	82395.14000000001
146427	158275.51
146435	58086.58
146443	95619.85
146545	36571.94
146560	227140.37999999998
146613	5521.88
146640	255796.39999999997
146730	13118985611.41
146743	34636.43
146812	6920.19
146815	102687.48
146838	109852.81
146853	8255.400000000001
146899	54895.770000000004
146906	29744.86
147055	28359.8
147081	1878116.84
147272	153052.06000000003
147340	146663.14
147353	78687.59
147371	23730.370000000003
147408	19912.739999999998
147527	458.90000000000003
147565	157177.74
147582	188045.87
14759	35490.36
147724	300638150.63
147736	8844913.22
14778	2642382.39
147782	671104780.7
147959	150417.37
147973	165849.40000000002
148067	46789.8
148068	20300.69
148102	120013.22
148136	10572.17
148158	63248.03
148175	40375.2
148182	155674847.83
14821	69752.19
148221	26051.109999999997
148333	31339.989999999998
148335	44878.469999999994
148344	119051.73000000001
148377	4070737.0999999996
148441	585466.5499999999
148483	73787.49
148541	340484.73
148758	51136.04
148779	945624.53
1488	1462284.3500000003
148975	29035.68
149010	55418.26
14902	141415831.06999993
149038	348267053.02
149269	18778.98
149337	82084.09
149352	8031.4
149355	1350.06
149396	4195.88
149403	28003.34
149445	698324.6900000001
149466	2787.84
149554	1633.07
149688	86643.64
14992	238488.52000000002
14993	270604.47
14997	887140.61
15	6109929326.818101
15011	89706.16
150115	1675.03
150164	2988846.01
15017	111915.36
15019	5613765.5600000005
150202	27878537.990000002
150204	4279693855.91
150211	5501073.19
150224	20961721619.130005
150269	4099.28
15027	89608.95000000001
1503	371575122.45000005
150537	5124429.669999999
150582	6926.49
150617	39353.27
150683	23111.14
150873	69690.54000000001
15096	214924.33000000002
151060	3427.55
151072	672.39
151087	2770.14
151127	19576.88
1512	425171282.48999995
15123	25064474.690000013
151241	126550228.8
151257	5926841.779999999
151288	3178.73
151424	3829.55
151469	31710291.580000002
151474	6330.460000000001
151495	171.47
151596	1520991576.8600001
151602	250853737.06000003
151689	2427798.1799999997
151715	5819151.24
151725	282.1
151845	2825.37
151862	24312.4
15191	3661059.91
151946	1851815.23
151989	158649149021.85004
152081	703987789.6800001
152158	2234.3
152224	3210.73
152270	23961.42
152330	8194939.55
15240	7135649.75
152424	68401.51
152505	276254.05
152532	22698.83
152604	61282166.23
152606	1945389.3900000001
152621	277171100.85
152639	31.84
152677	3905031.77
15284	1413809.1100000003
152840	3709267.9300000006
152922	15371.43
153080	1892.33
15325	164619.72999999998
15327	111636814.68999998
153290	32544.049999999996
153341	135039532.14
153473	30780.84
153527	5188.37
153611	4593.16
153634	34199.1
153694	50246.229999999996
153727	2708401.0700000003
153756	13123.61
15379	32071384.03000001
1538	446737.44
153814	1844728.81
153954	143824.97
15398	111213.47
153988	20874.84
154123	4412.610000000001
154134	2197498.75
154185	4429.41
154228	43334.95
154527	11010456.34
154838	22662.440000000002
154843	2173532.63
155152	4494921.399999999
155218	937769.5499999999
155280	217635.68
155290	499.94
1553	462878.2
155306	9644.22
155327	32759.63
155430	2857752.3100000005
155687	14060.81
15572	114098.84999999998
155799	2312059.45
155831	2817387.75
155854	145890721.57999998
15594	11856227.88
15598	162998.13999999998
156159	374099.76
156209	16301.99
156271	123931.65
156278	246115.79
156295	36771.34
156335	329.94
156352	6687.530000000001
15647	52734.54
156500	165.87
156514	24282.28
156525	352075.27
156566	4355.33
156591	30401534.48
156677	1615045.36
156687	35396.19
156691	6038.07
156802	1360.37
156805	12471.92
156883	1101.07
156988	2062.15
157069	27054.39
157141	3530938354.2099996
157143	10108.84
157175	2750.35
157210	146823.92
157228	23042.64
157268	13637.439999999999
157344	3581.56
157485	7521.5599999999995
157491	28125.34
157525	56489.98
157526	58389.82
157611	73560.71
15767	260635.25000000003
157752	331.57
15779	117150175.55
157940	38589.19
158019	761988.11
158049	400514.64
158100	230745979.33
158213	261050.61000000002
158233	72010.88
15830	74035516.71999995
158376	28065.88
158381	29709.309999999998
15852	104075.69
158645	48331.28
158656	46003.55
158680	221471.10000000003
158736	27127.36
158750	20299.089999999997
158768	18747.39
15877	84516.69
158780	13374.59
158866	68138.63
158884	258902.03
158979	2132.45
159118	295786.75000000006
159138	146823.92
159278	429185286.14000005
159299	1030.1
159430	544548394.7499999
159447	325191.74
159455	6899.94
159478	15089439.04
159570	1179.76
159578	310654509.65999997
159640	7788674.579999999
159678	3502426.79
159692	9995692.659999998
159754	5192.009999999999
15978	2175954.14
159921	148255.64
159975	195836.31
16000	91106.78
160063	15729.4
1601	36223491.320000015
160103	60997.04
160108	68616466.38
160125	8726668.77
160138	288432.8
160222	7183838.850000001
160226	5923466.28
160298	3358911.31
16030	9919223.599999998
160474	5674511.120000002
160480	1429578611.48
160482	9918035.78
160525	5177445.59
160644	1.86
160648	10181067.989999998
160726	30070.78
160820	3670.33
160852	4132700.21
160902	3926874.83
16098	61314229.37
161035	499.99
161160	12986.9
16121	44343.72
161248	11883.53
161260	53042.41
161430	12760.800000000001
161736	2016164.4100000001
161749	4189753.39
161761	5247628.42
161795	1763011.26
161863	118583.70000000001
161900	22708.55
162047	4246268.15
162081	8696.81
16218	36389.299999999996
162189	3650222.32
162270	4175.700000000001
162394	571697.7599999999
162503	194384.15
162604	97499.57
162692	17557.8
162769	26055.21
162805	217755.93
162883	5264.15
16295	48343.33
162967	16828.41
162982	41383.78
163061	1330.99
163097	260835.71
16315	110086.22
16327	247384.93000000002
163674	25734.160000000003
163785	5540.78
163889	216202.75
163975	3122.67
164131	3439.32
164249	12228.11
164302	155.46
164328	7113.59
164441	1853704.6600000001
164507	3549447.87
164686	18689.760000000002
164727	1535.24
164768	26104.8
164824	7883.79
164860	56810.600000000006
164892	299924922.21
164924	10382.03
165193	2667.37
165332	14242498.819999998
165399	19377.93
165458	2609.24
165540	870368.74
165620	15153.91
165640	103317.91
165649	82158.0
165793	4732281.8
16582	449686.9800000001
165846	6037.89
165858	8252.960000000001
165957	1458993.7200000002
166145	142502498.43
166168	24209.29
16619	7189678.569999999
16628	161949.33000000002
166288	23867.95
166294	28227.519999999997
166299	11636.39
16630	1068760.1999999997
166302	3638.5099999999998
166362	600281022.22
16645	102427.31999999999
166544	22137.940000000002
166723	36881.67
166886	12442.93
166991	7634.4400000000005
167064	13344883.91
167084	1220193.46
167093	2893.0299999999997
167112	7270.07
167192	115327.73999999999
167227	208624.53
167278	16230.74
167296	6947.18
167372	12299.42
167492	131947.19
167523	5237.54
167579	1069.59
167593	6855.01
167703	422.01
167720	29104.07
167763	120777.89
167904	347872.62
16792	10829.619999999999
167996	32860.770000000004
168012	22600.9
168030	2440.42
168072	792496.2000000001
168075	74651.45000000001
16809	24094501.369999997
16811	81648820.99999999
168169	996.13
168409	10574.220000000001
168454	2660.19
168468	971266.06
168557	3786.4300000000003
168775	14956.85
168840	8455.5
16890	2500630.939999999
168910	29453.85
16902	1255995.59
169062	5288.58
16908	3060226.0799999996
169107	2477.02
169127	136069.84
16915	115029.81999999999
16938	60404.759999999995
169622	12409.98
169658	9139.929999999998
169673	16303.800000000001
169736	5123.1900000000005
169746	32899320.05
169749	127864726.44
169755	38845.77
169772	54311.149999999994
169876	6048.919999999999
169908	14093.75
169917	345.73
169980	10835.12
17	0.941991
1701	244429110.33
170113	9238.98
170120	56536.50000000001
170144	8472588.78
170164	1051.42
170168	2557.33
170312	5170.18
170321	25918.99
17042	52628172.21000001
170473	1898550.8200000003
170524	6926.41
170615	685.85
170693	34534.630000000005
170779	9048.63
170784	24806.62
170821	41038.25
17083	150849532.82000005
170889	45962.119999999995
171214	6314.5
171221	3539947241.3
171345	71.58
171369	2636.88
171384	2603.52
171397	21455.87
171456	17693.26
171491	2562.79
171513	29128.27
171524	7852.89
171564	53042.53999999999
171588	24144.8
171643	2019.62
171667	400.59
171692	10293.009999999998
171696	32885.97
171731	11939.27
171761	23476.510000000002
171860	16689.83
171888	4929609.1899999995
171918	144368979.33
171922	2918.75
172087	1907.13
172095	17218.42
172103	19231758.24
172128	5248464449.26
172156	10043282.469999999
172204	3034490834.22
172215	17883.87
172269	9311.869999999999
172367	134080.47
172412	8599.499999999998
172489	11903.1
172504	2962.55
172544	18928.93
17255	7215570.749999998
172643	27643.21
172650	1084.73
172719	5888.67
172725	65668.54000000001
172737	665.16
17286	1965942.35
17291	162332026.14999998
172985	5690.52
173069	508375.27
173218	204.22
173222	2177.62
173285	18658.4
173329	329345822.51
173400	443.86
173426	3124.45
173456	28532.339999999997
173465	693158.4500000001
173481	8454172.24
173562	21398878.620000005
17364	31671177.16999999
173659	11539.619999999999
173668	501.72
173751	12712.07
173920	42931.74
173937	5459.73
17396	96433906.41999999
174268	15197185.330000002
174297	135520.78
174634	39576412.650000006
174653	6711.33
174777	1272598.81
174816	322760.8
174937	28301.55
174991	43377.6
175092	24795.06
175235	2066.35
17525	104700.54
175280	279.73
175523	1415840.78
175541	204.12
175581	32911.18
17559	2399006737.8500013
175641	8.54
175662	7610.94
17569	151387.76
175709	3529.81
175726	2322342.66
175762	17971.7
175764	1992.48
175986	3653492.05
17604	60558.92
176181	237.5
176237	1282962.9000000001
176282	585.87
176376	16386.15
176412	16748.42
176424	2446779.7600000002
17644	45031.5
176522	6274539.1899999995
176523	405754901.55
176700	202.72
176752	22625.52
176885	3084.49
176895	1217.97
17690	8770105.919999998
176915	14426642.52
176922	2120856.9099999997
176927	1660036.74
176977	376760.21
177018	1792.5
177137	25074822.689999998
177141	4476656.609999999
177210	4479924.04
177341	605.09
177514	15306.71
177771	2515.81
177934	20211.24
177964	5386.94
178075	10478.8
178093	9103.95
178105	6520.86
178150	3145.48
178199	567.31
178252	9335.03
178352	16745.34
178688	3049302.43
178900	1023615.57
178938	1997645.46
179031	5087.1
179076	1495583082.63
179156	11821.83
179249	7389094.59
179275	1176821.86
179597	190.29
179667	4113.51
179675	4853.64
179725	1091519.71
179737	271837.10000000003
17976	116460.66000000003
179763	2546.98
179785	4546.65
179863	566017.96
179926	878113.84
179992	216194.09999999998
18	115835457.97000006
180192	9986928829.16
180209	190119.27
18024	801186.0200000003
180316	4324.83
180479	1118.48
180537	38112.100000000006
180560	10018831187.77
180750	623563.05
18077	1195719.41
180832	1165177.53
180938	322006.04
180939	1050586.94
180965	4274.89
181031	6774.82
18104	2821512.83
181060	1026811.6200000001
18112	127392.18000000001
181124	25274.31
181129	335032.51
181167	26719.26
181214	62167.89000000001
181251	107361.46
181275	42243.909999999996
18140	42646484.019999996
181411	2110.75
181435	315832.26
181482	668.34
181616	1064910.72
181620	41894.73
181621	720725.23
181638	14123.1
18170	2440967.93
181705	11907.02
1818	361315421.3100001
181813	205245.15
181837	116177.29000000001
18184	73444283.25
181875	27328.43
182059	49209.060000000005
182063	57164.57
182089	241665.92
182124	3090.15
18215	542495.64
182258	3242.26
182283	15190.64
182341	5467.5
182346	37183082.68
18252	130664.64
182523	19452.33
182530	49526.86000000001
182698	551070.09
1827	359615.0499999998
18283	111504.29999999999
182886	99.68
18289	25621.46
182907	4561.83
182970	17861.37
183004	135083.25
1831	109485751.63999997
183112	54398.71
183116	90284.7
183195	2894.7200000000003
183203	20673.269999999997
183234	207827.43
183246	2881.68
183371	16135.74
183399	7120.700000000001
183442	2556.9
183456	5072.68
183573	3868.7
183650	3237.62
18366	10321104.26
183725	18169.13
183781	1605448872.95
18398	696291902.33
183992	114873.72
184053	13428.11
184180	16496.11
18432	25030.64
184381	568.62
184395	30823.48
18453	139295.49
184555	42861.17999999999
184566	1517953167.4799998
184756	718578.65
184812	3138.64
184844	594.74
184962	15268.81
18500	90523017.66000001
185229	15721.67
18526	183608.87
18527	2360739.35
185367	63127166.16
185425	225141.55
185441	29314.440000000002
185452	8665.33
185532	127310.87
185540	18601.739999999998
185549	10346.509999999998
185556	137633.33000000002
185615	17942.07
185619	5881.27
185635	26002.83
185843	1299.05
185858	60052.75
185860	120325929.66
185957	37076.92
185981	947315.4
186057	16201.55
18607	55507.07
186238	12496.45
186260	3768.07
186293	27513.309999999998
186294	9664.66
186355	26179.43
186363	356.35
186518	61945.909999999996
186523	18590.88
186532	105648.94
186547	4487.08
186653	862.67
186760	717.44
186778	3522.54
186857	43563.19
186983	482.21
187132	127753.94
187134	21638.97
187170	49737.24
187336	3587.42
187371	6749028489.32
187400	155998.73
187546	119456.11
187552	94564.5
187721	128901.42
18781	88300313.9
187844	72.07
187939	22881.9
188062	1320.09
188133	190597.63
188210	3467.66
18822	2287500600.1
188230	2165.16
18824	324947.48
188302	11856.89
188333	5259.44
188334	11758.36
188344	767.71
188459	11583.68
188473	8352.11
188483	6774.87
188522	152.48
18857	945937.1000000001
188590	3420.96
188709	20915.45
188723	206005136.06
188778	169.06
188780	4768.9
188789	19128.260000000002
188802	7906.25
189074	1226.42
189079	707.95
189217	32640.95
18934	63999.90000000001
189403	2486.99
189516	9024.36
189561	772.99
189809	954.65
189832	47859.99
189929	1739.02
189948	7642.719999999999
190066	6466.65
190191	28569.94
19022	69442.85999999999
19053	186253.47
190667	5003.47
190690	16617.2
19070	2745937.46
190703	35945.34
190755	1922.27
190866	550.73
191029	2222.56
191078	2339.34
191119	7.99
191165	54462.170000000006
191274	13391.34
19137	27163.850000000002
191538	12655.52
191700	4892.32
19200	125009.37
192010	2540.58
192012	12431.36
192017	15421.94
192037	31776.920000000002
192190	6730.08
1922	884182.65
19230	94421.7
192335	8664.720000000001
192365	64256.04
1924	4682116.020000001
192419	687808.8600000002
192511	4708.8099999999995
192550	4361.91
192597	19510043.37
192605	2076.41
192655	1393.14
192776	336.34
192936	20929.66
19302	30487.32
193040	16206.55
193202	15938.0
193247	2845.33
19326	73085.86000000002
193263	10434.960000000001
193279	4525.0599999999995
193296	581.85
19337	1152131.3199999998
193455	1159539.9600000002
193643	164743.67
193675	140000.82999999996
193748	10844.59
1938	1876473.27
194074	12778.6
194154	22328.92
194492	34905.62
194507	30662.72
194692	182976.9
194780	42723.15
194930	5497899.87
194968	184776.11
195134	84089.06
195395	4957.41
195438	36181.51
195554	16938.309999999998
195577	41673.44
195600	37384.299999999996
195630	115264.06
195650	1393.19
195700	155843.66
195752	24642.43
195762	24137.73
195775	36705.15
195899	193895.84999999998
19596	2369928.65
195984	1954.76
195993	1468.25
196032	109.96
196045	2742.36
196313	4717.71
196363	11043.98
196448	18996.64
196460	14106.24
196461	12012.939999999999
196481	135614.93
196551	4676100.27
196638	25471.55
196679	31575.710000000003
196704	3655.34
19675	1632827580.28
196902	41978075.5
196950	259815.79
196972	238301.81000000003
197012	33501.24
197015	508.16999999999996
197097	8136.91
197185	2803.39
197200	3591.63
197216	3081.87
19737	20544212.400000002
197443	2809155.88
197477	1049.17
197610	4621.18
197668	13976.65
19769	3211695.1099999994
197710	428.95
197843	1800.94
19795	9963683432.439999
197998	1210.54
19803	3905798.58
198091	17944.26
198133	19327.81
19814	264699.23000000004
198310	2510.7599999999998
19841	28947.03
19851	69492.79
198612	10460.41
198616	12361.980000000001
198627	832963.5800000001
198673	3837.2900000000004
19876	92484.33000000002
198865	23473.97
199098	8402347.58
199332	27335.59
199451	2227.19
19959	125384.12999999998
199640	40104.15
199744	976.79
199789	433.58
199824	1560.98
199829	4411.03
199865	3361.3599999999997
199885	207.79
199963	15322.26
2	49771704.449999996
20	372398012.45999986
200018	2732.08
201486	190925.93
201608	32101.22
201778	35478.79
201837	217912322.24
201998	519.73
202007	900476.41
202081	1339699.44
202085	4164.13
202406	2351.42
202424	34763.08
202460	18259.23
202496	46519.24
202533	127860.75000000001
202553	64457.93
202575	19876.89
202621	36496.26
202895	23295.39
20340	111110.05
203434	559664438.0
2035	106289.91000000002
203524	10586.12
203675	31955.94
203729	31766.65
2044	79133222.20000002
204405	95146.04
20451	35722.240000000005
20456	116414.32999999999
204720	9977.07
204751	11061.84
204940	895.08
204954	12352.48
205194	8670.84
205298	73394.87
205312	12867.64
20538	25067.46
205736	56580.9
205765	3128.91
205871	12091.63
20648	133963.07
20703	64801.58
20724	687566125.52
207662	11692.08
207834	4143.41
20810	3150529.92
208340	1292.82
20874	214277.61000000004
208841	935.62
209264	0.623466
209337	1090.35
20937	217490.09
2098	52592950.949999996
20990	2284741279.96
21	2535954.4299999997
210	351953.26
2100010	1580.99
2100052	2206.73
210029	118919.97999999998
2100335	437.65
2100452	761.45
2100640	6945.110000000001
2100646	1008.51
2100762	621.93
2100786	15140.92
2100808	1522.75
2100825	4747.3099999999995
2100844	35281.700000000004
2100850	267.08
2100855	3605.91
2100862	2103.23
2101008	2638.8
210105	118088.95999999999
2101055	2386.79
2101097	5094.3
2101116	2967.18
210121	108786.23000000001
210142	131327.51
21015	391017.01999999996
2101824	1319.29
2101825	4124.37
2101977	9505.31
2102357	8334.77
210278	228012.90000000002
2102839	14801.85
2102917	900.46
2103178	15818.59
2103239	15114.890000000001
210330	81218.03
2103453	106775081.49
2103526	3972.72
2103574	3855.08
2104105	47.17
2104396	31705.14
2104409	20639.51
2104509	14071.66
2104664	10314.01
2104756	15776.310000000001
2104842	2228.16
2105115	231.31
2105494	21976.0
2105627	780.94
2105779	5379.92
2105844	128130869.83
210600	29673595.8
210658	8892778.439999998
2106609	2979.58
2107059	4832.92
2107109	4778.02
2107115	2792.27
2107264	4602.78
2107327	28.43
2107434	44649.99
2107759	1520.04
2107829	2408.52
210789	182260.95
2107961	1304.21
2108020	2197.65
2108236	3696.44
2108389	12.23
210842	50704.02
2108540	4328.96
2108691	3979.2999999999997
2108704	140264.37
2108832	67775.91
2108916	73634.76999999999
2109037	15840.21
2109215	69012.75
2109303	33163.619999999995
2109504	697.52
2109662	3644.94
2109669	1106.82
2109715	2510.8
2109886	7812.34
2109920	25639.4
211	309806148.85999995
2110183	33040.64
211026	59411.409999999996
2110317	29266.68
211037	1845870.5499999998
2110378	7859.83
211052	125124504.66000003
2110541	11942.8
2110646	961.11
2110756	36037.78
2110787	7338.9
2110803	50158.57
2110919	26511.809999999998
2110935	41666.840000000004
211096	23133.05
2110980	11116.98
2111036	32969.87
2111196	229.44
2111471	16649.87
211154	19027532.25
2111603	10552.94
211182	1.136247
2111828	9590.75
2111831	3867.4
2111877	879.88
2112179	2766.05
2112433	4153.7300000000005
2112549	3541.23
2112550	5691.71
2112879	53555.24000000001
2112883	37151.170000000006
2113027	12361.6
2113117	601960.36
2113212	55076.58
2113284	102381.56
2113303	3294.68
21136	14797.92
2113638	13054.32
2113687	2142.58
21138	780770.0299999999
2114052	553.58
2114102	25771.94
2114109	6350.339999999999
211420	48660.14
2114310	5067.18
2114434	31858.5
2114678	8067.49
2114706	3018.79
2114817	6728.41
2114824	908.11
2114909	51.14
2114927	4254.39
2115085	2008.93
2115093	1603.7
2115221	1764.56
2115235	6685.859999999999
2115319	4817.21
2115334	4847.9
2115576	771.69
2115730	10827.61
2115962	4284.89
2115979	3900177.09
2116116	2076.8
211621	757999.8
2116589	998.11
2116640	22740.07
2116668	4741.22
2117186	8039.360000000001
2117209	67079.48
211721	133333.04
2117346	9251.95
2117475	1180.33
211753	31904852.279999997
211755	429081.01
211767	333996744.4499999
211768	2593002.03
2117759	909.8
2117787	6388.05
2118004	4877.790000000001
2118120	236.19
2118209	714.66
2118566	6316.63
2119009	329625.64999999997
2119395	227657.98
2119398	83841.65999999999
2119403	3890.11
2119408	2684.12
211943	81856.99000000002
211974	107671.07999999999
2119897	22280.27
2119944	23900.89
2119946	47.22
212	78317.41
2120143	2671.45
212017	0.791269
2120279	4794.8
2120295	5010.49
2120454	18883.79
2121030	16.89
2121060	5514.03
2121299	5671.73
2121301	20767.61
2121372	1581.17
2121656	2457.48
21217	131399284.06999998
2121779	10170.67
212191	94288.12
2122160	1084.31
2122589	38597.26
2122629	42529.89
2122653	2459.9
2122748	3158.12
2122817	34703.27
212288	71170.39
212332	60823.0
2123384	6326.79
212353	369912.23
2123547	52886.97
212362	0.48196000000000006
2123665	3832.5199999999995
2123838	369.04
2124126	225.84
2124549	810.5
2124660	4544.4
212474	111243.51000000001
2124754	886.44
2124811	1086.29
2124822	4735.9
212490	117481.42
2124910	42906.149999999994
212492	1.845451
2125369	133520.73
212540	71989.43
2125527	16126.809999999998
2125596	28111.25
2125653	7899.25
212585	0.523196
2126008	438351.16
2126086	2190.55
2126126	80488.74
2126278	4842.43
2126306	112293.12
2126362	7275.73
2126459	2232.02
212683	163722.22000000003
2126841	84107.73999999999
2126907	13934.380000000001
2126978	117511.07
2127023	4657.219999999999
2127066	92.54
2127147	557918.12
2127172	4407.5199999999995
2127232	47704.149999999994
2127249	183584.53
212725	0.405879
2127327	4809.71
2127344	4251.48
2127391	381.02
2127490	667.68
2127524	551869662.51
2127709	15832.119999999999
2127911	21549.69
21280	68808.56
2128006	5090.16
2128117	23777.64
2128217	30525.48
2128284	118086.26
2128293	767.85
2128535	136438.89
212859	80616.89
2128664	1891.86
2128718	26171.83
2128762	2806.41
2128873	82132.34000000001
2128924	14711.56
2129049	2044.71
2129119	178.39
2129145	104168.11999999998
2129461	28691682.429999992
2129468	47306.899999999994
2129483	33947.43
2129515	25008.030000000002
2129574	269.32
212969	0.117981
2129750	1631.27
212982	371235302.6
2129898	40403.17
2129956	514.1
213	490532.36999999994
2130121	29476.05
2130128	37963.189999999995
2130220	56738.01
213042	0.558648
2130561	13.78
2130591	36595.420000000006
2130816	28423.47
2131083	1.11
2131089	2961.97
213113	0.34520799999999996
2131359	2273.31
2131507	212683.93
2131549	1210284.01
2131551	234.82
213183	89206.48000000001
2131957	767976.91
2131965	89476.11
213197	44306306.38
2131993	10151.32
2132402	39820.33
2132645	5793.58
2132779	2735.82
2132909	1109.69
2132937	5655.57
2133084	9498.37
2133094	1666.96
213312	0.6865640000000001
2133214	1763.57
2133220	9010.41
2133337	224700.75
2133457	2417.34
2133579	4855.55
2133634	1542.1699999999998
2133645	4501.36
2133788	4038.29
2133873	7960.41
213411	0.074298
213429	0.384137
213434	37056.5
2134566	3465.97
2134715	1203.14
2134721	4299.85
2134805	4700.02
2134856	6375.12
2134916	21760.670000000002
2135132	3285.77
2135169	19605.09
2135314	36585.88
2135452	126.67
2135647	129.74
213589	1.5183090000000001
2135936	1106.32
213595	263092.65
2136372	43996.69
213639	104755.88999999998
213640	0.17685
2136556	3907.07
2136923	4129.68
2137156	13543.810000000001
213723	187614.88999999998
2137337	3929.2300000000005
2137467	2478.6
213780	172398986.29
213784	48727.52
2137953	3797.72
2137985	3483.88
2138072	5165.13
2138247	25334.77
213834	128723.84
213839	44975.08
2138440	3391.34
2138529	39615.07
213868	58631844.440000005
2138731	3269.06
213895	157947.12999999998
2139027	9174.21
2139228	5292.86
2139514	12080.73
214	1148088119.88
2140072	8372.7
2140239	1281.57
2140460	2363.55
214096	90558.65999999999
2141024	1671.77
2141395	2354.63
2141600	2666.61
2141646	2980.95
2141706	3778.03
2141759	38521.05
214178	33335.65
21418	2405071188.73
2141810	169032.82
2141825	1291.29
214207	3080086.3899999997
2142220	24.79
2142277	3251.43
2142416	55190539.92999999
2142469	2154108.2399999998
214266	0.279012
2142728	4335.72
214273	2.012939
2142838	198941.33
214285	128235.43000000001
2142904	3594.45
2142949	7183.530000000001
2142968	115236.88
2143266	8541.619999999999
2143336	633193.8
2143905	349512.04999999993
2144065	3037.49
2144255	209.13
2144334	1036209.67
2144636	352498.3
2144867	1041355.4
214509	2.664133
2145458	132098.48
2145876	750474.77
2145997	148073.3
2146278	1335.51
2146359	683.91
2146364	4079.76
2146401	48245.03999999999
2146709	264696.31
214684	52100.9
214685	41626.55999999999
214686	124488036.97
2146912	1154.52
2147151	21573.94
2147234	186024.3
2147474	242487.93
214749	49662.48318000001
2147575	1877.96
2147650	640236.99
2147974	4532.38
2147983	3633.35
2148012	71869.18
2148138	1830.9
2148159	2073.86
2148250	82983.28
2148277	96392.87
2148462	18112.61
2148501	9.12
214853	58189.009999999995
2148585	204253.68
2148651	704156.7100000001
2148670	37259.18
2148679	4678.57
2148704	832.69
214872	3419248.16
2148847	1900828.24
2149032	125234.5
2149038	1277.69
2149339	32957.51
2149432	2832.52
2149568	23902.37
214957	66001.18000000001
2149611	474460.8
214976	76180.69
2149777	365.46000000000004
2149783	232053.58
2149826	751.7
215	161623.62
2150558	4259.06
215070	76308.81
215071	62325.96000000001
215117	0.255444
2151251	31811.13
21514	454949940.0000001
2151404	555.13
2151525	25126.03
2151829	2630.12
215185	85762.25
2151919	32976.83
215233	16270128.240000002
2152337	7980.43
2152371	98403.54
2152497	42060.26
215272	32243.19
215275	101925.64
2152815	8410.099999999999
2152873	380322.23
2152950	7814.59
215305	22825769.240000006
2153449	3987.67
2153583	6846.07
2153602	31368.89
2154046	3340.97
2154085	29999.38
2154269	3809.01
2154343	48362.24
2154528	14231.35
2154643	48125.83
2154762	4377.05
2155123	22622.97
2155168	79778.82
2155550	2904.76
2155743	59.39
2156005	431.53
2156291	157.53
2156357	2010.93
215643	0.667767
215647	1128469.1
2156500	75857.71999999999
2157369	9067.18
2157686	25943.8
2157708	132541.35
2157732	431.53
215784	179238.88
215788	391.77
2157941	162.84
2158108	2052.0299999999997
21582	2310647.9499999997
2158369	1727.97
2158680	1392.28
215884	9189779.01
2158874	23613.57
2159266	3449.95
2159372	11921.33
2159428	654.11
215945	76944.25
2159473	13503.720000000001
2159541	2983.06
2159579	28797.47
2159587	235815.54
2159977	2694.82
2159986	21419.66
216	185008606.32999998
2160320	56245.31
2160443	2566.49
2160481	41911.5
2160697	3530.7
2160722	1606.92
2160730	201137.49000000005
2161052	18537.050000000003
2161299	126.92
2161378	2060.66
2161415	2207.0
216159	0.9517730000000001
21617	5992755.110000002
2161816	1987.61
2161843	63.09
2161936	7729.14
2162514	3665.86
2162782	39325.520000000004
2162869	42457.85
2162911	2279.21
216324	44490856.89
2163577	1150.77
216360	968364.4900000001
216388	1399769.2400000002
2164005	11656.38
216414	422389103.19
2164803	81.42
2165210	25292.53
216583	0.0882
216618	63510.189999999995
216632	54765.579999999994
2166623	10719.39
2166714	2839.69
2166746	490.94
2166815	217.01
2166891	3751.82
2167013	93793.93999999999
2167066	22385.8
2167077	4004.84
2167121	27282.289999999997
2167125	182457149.37
2167325	7593.009999999999
2167350	5726.1
2167692	9704.609999999999
2167828	41747.78
2167993	38937.4
216878	34818.9
2168955	103334.57
216906	57433.850000000006
2169074	719135.11
216924	6659297.220000001
2169641	22544.03
216970	20960.490000000005
2169893	5720.66
217	35333.16
2170103	196860328.49999997
2170105	1977.52
217017	83317136.57
2170180	11687.47
2170213	4832.5
2170541	198.9
217059	33201457.570000004
217066	176965.61000000002
21707	61286.5
2170742	14986.74
217081	45295.270000000004
21710	197731.57999999993
2171010	2223.82
2171184	7702086.78
217119	42518.43
21712	47690.789999999986
2171234	21768.96
2171502	1727.04
2171614	4795.75
2171830	1426.44
2171853	6730.91
2172079	2203.3
2172194	3207.21
217262	9483924.88
2172633	2344.18
217286	68310.26999999999
2172986	131526349.17
2173012	4895.35
2173022	7239.51
2173061	26458.93
21732	47186.450000000004
217327	159.18
2173466	3722.9
2173705	1190.02
2174038	1017.89
2174077	2227.91
2174174	5214.77
2174405	1160.8
2174708	741.04
2174776	38175.56
2174870	46977.74
217504	128811.17999999998
2175376	2483.24
2175657	15038.650000000001
2175693	3281.27
2175995	2802.69
2176128	1040.47
217678	113907530.19
2177272	2317.24
217752	0.591913
2177614	8543.55
2177930	3675.92
2177998	28516.79
2178060	1506.8700000000001
217819	0.212202
2178234	3761.42
2178732	4024297.3099999996
2179079	1434.29
2179242	349.92
2179388	1460.95
21794	307288.79000000004
2179557	3748.83
218	92851.73999999999
218031	0.44460999999999995
21811	68606.1
2181233	197040.41000000003
218133	20757.33
2181592	892.0
2181692	479.43
2182090	141641.8
2182097	1198.24
2182159	21284.32
2182206	3842.44
2182290	35606.49
2182618	91891.48
2183005	73082.59
2183025	104762.83
2183074	71242.41
2183101	2625.44
21832	101139.19
2183232	4907.53
2183539	41672.3
218354	272479.62
218363	61856.200000000004
2183669	35724.18
218368	1130.28
2183985	2741.64
218426	64907.36
218456	78153.56
2184588	21239.43
21847	29791.130000000005
2184737	20250.719999999998
218478	108434.42000000001
2185624	191.31
2185634	130774.21
2185854	10345.529999999999
2185911	44301.729999999996
2186063	6320.09
218608	16367.86
2186091	83469.92
2186130	37306.939999999995
2186250	3790.84
2186463	21530.309999999998
2186802	4071.3999999999996
2186868	12103.34
218695	61732.630000000005
2187032	24478.480000000003
218719	490207676.32000005
2187537	31449.98
218769	0.345219
2187921	7882.009999999999
2188102	2231.84
2188168	97014.78
218827	74057.56999999999
2188429	1583.3
2188885	100546.18000000001
2188905	1216992.74
2189135	26147.1
2189244	3983.14
218968	218320155.28
2189926	2516.34
218997	51195.82
219004	0.108499
2190216	3544.21
2190220	8826.8
219086	89527.49
2190906	2820.98
2191026	1401.36
2191346	3638.22
219244	0.018937
219248	9917989.7
2192581	31950.34
2192946	6151.0
2193160	5461.780000000001
219342	35683.950000000004
2193623	12981.69
2193978	396056920.26
219399	47.13
2194439	34726643.82
2194940	6173.81
2195108	4162.88
2195404	794.42
2196031	6861.3
2196135	832.95
2196441	24434.04
2196601	389.87
219680	32604625.830000002
219685	54940.17
219686	58233.490000000005
2197089	15246.49
219719	3762.13
219727	59657.439999999995
2197565	10530.04
21976	247990.11
219767	8968888.2
2197738	206.3
219853	1748844.5
2198627	16689.18
2198749	3713.1900000000005
2198812	32088.38
2198905	597189.83
2198990	1445.61
21990	185896.37999999998
2199182	97.09
2199338	778.2
22	166072.84000000003
220	624466.64
220048	42565.560000000005
2200545	27925.35
220124	1794141.8599999996
2201415	1703.6
2201992	624958.4400000001
2202000	74462.81999999999
2202368	72724.45999999999
220255	32704.950000000004
2202632	5164.84
2202651	23181.44
2203206	1567.88
2203222	14991.86
2203223	5421.39
2203502	14753.14
2203506	1084.44
2203517	84579.95999999999
2203612	2158.35
2203686	443.35
2204011	791.43
2204035	340647.66000000003
2204111	54108750.67
2204200	3918.86
2204284	203.60000000000002
2204510	21739.6
2204787	176728.17
2204903	539.62
2205077	34117.36
220512	38748.899999999994
220538	75835.03999999998
22054	10395176.860000001
2205517	15384.89
2205642	3914.03
2205646	35550.5
2205665	91322.7
2205707	1683.33
2205773	21294.99
220584	165211.37000000002
2205847	2972.51
2206695	12428.5
2206833	6276.81
22073	69120.19
2207343	2287203.6100000003
2207345	17801.06
220762	0.150748
220769	0.083894
220785	161881.86
2207903	13145.65
2208033	9003.54
2208299	33690.71
220845	4810982.640000001
2208987	115696.52
220959	34343.759999999995
2209675	2748.12
2209882	1.4559279999999999
221053	28539418.44
2210806	0.435504
221118	61401.43
22112	26734.02
2211819	3.508454
221200	2052.51
221260	281652548.41
2212608	18.387825
2213197	2.2477229999999997
2213630	0.668927
221373	45874.23
2213875	0.035716
221413	229393.7
2214782	1.130088
2214792	0.473848
221506	0.1148
2215141	0.122277
2215179	0.131035
2215813	0.147885
221608	0.00669
2216263	0.116009
2216279	1.143194
221648	93613.33
2216852	0.214542
221697	12384.43
2217051	0.7030780000000001
2217455	0.312096
221765	55290.89
2217661	2.8711689999999996
2217746	0.371957
221780	418592.46
2217981	14317.05
221808	31559986.580000002
2218135	0.160175
22184	246082.8
221902	45192.98
2219481	0.033454
221962	29153.57
221977	23675.059999999998
2219870	0.346265
2219893	0.240335
2219895	0.94931
2220421	35449.9
2220880	0.876728
222107	2825154.9299999992
222299	23185.71
22235	48175465916.1
222473	4818580.55
2225287	4789.52
22257	2931039.25
22271	960611.57
223075	27364.179999999997
223111	20424850.749999996
22320	236061.47
223258	27818.29
223506	49109.33
223518	47162.77
223529	237501.33999999997
223769	86250.98999999999
224028	47501.67
224073	29369.299999999996
224137	62609.18
224275	3906230.3100000005
224391	28888.730000000003
224393	78599.38
22441	98137.59999999998
22444	52729.22000000001
224508	347717591.40000004
224526	29342.65
224633	40912.32
224668	48158647286.229996
224722	11979.49
22483	5064666.85
224833	40998.62
224855	38135.01
225000	111311.25
225015	5016745.14
225016	62992.32
225042	30681.0
225406	121331.14
225431	82051.84999999999
225435	136153.13
225664	24665.92
225755	143529.74
225924	24966.35
225981	41791.42
22602	700699254.9599999
226049	40496.19
226091	18023.25
226186	48296.40000000001
22620	44721040.36
226477	823353.7400000001
22667	4277.47
226734	46925.45
226788	57800.49
22690	417036.05000000005
226922	77323.9
22693	94303.33999999998
226997	41875.8
227093	35574.630000000005
227199	39790.28
22720	148034.23
227230	51370.85
22728	161012198.17
227453	116930.16
227535	140775.18
227687	17257.89
227748	72279.87
22794	127707989.46
227981	97104.36000000002
228011	18364.33
228064	43975.21000000001
22819	200354474.52000004
22841	29765.04
228461	9132.67
22853	35942.17
228608	237.65
228650	37814.85
228817	61728.649999999994
22898	298762.11
228997	36305.46
229155	43085.42
229157	20794.609999999997
229215	72602.55
22924	62511.530000000006
229256	40438.96
229329	33446.32
229484	501977.70999999996
229609	1671801.3399999999
229623	521092.4099999999
229750	3470573.0200000005
229839	944906.4700000003
229885	957211.8599999999
229892	723290.71
23	12325488.920000002
230226	19485.78
23024	226668.12000000002
230242	50985.16
230346	63311.47
230520	61276.37
230522	3566549461.0699997
230592	199384.84
230636	94818.12
230727	10693.34
230963	25879.54
2310	60593772.77000002
23122	12095548.739999998
231260	4834.62
231262	3027281.8
23128	921534.96
23138	173636.70999999996
231452	51029.97
231535	19155.63
231572	3010833.0700000003
231663	28498.690000000002
231671	33934.6
23187	50294.94
231993	80172544.79
232211	10808.9
23241	243720.59
232428	19717.34
23252	18734.23
232546	2352888.5700000003
232556	51919.03
232666	36959.530000000006
232738	8615.09
232913	70643217.92
23299	174363.99
233012	31424.920000000002
23312	65119.0
233360	21318.29
233482	55555.16
233487	89208.03
233506	13623184.45
23351	154173.22000000003
233575	46010.05
233615	13484.630000000001
233675	126496.33000000002
23375	138367013.74999997
23383	245116.84000000003
233911	2144839.55
233990	38447.55
234145	80624.58
234305	35569.87
234311	129165.76999999999
23435	431703.9799999999
234391	29126.0
23442	47645.08
234450	87438609.41
234466	493436.77999999997
234525	1408681.2299999997
23454	226798.91
234541	1051575.69
235055	9357.27
23506	112456.34
235076	10972.79
235129	17355356.16
235304	2299201.07
235362	1914629.4399999997
235390	7448352.45
235422	1158730.23
235600	42386.91
235671	119967.81000000001
235698	31686.260000000002
23572	87773.97
235752	44347.259999999995
235792	63887.29000000001
235832	93322251.37
235889	578182.62
235909	414463.14
235971	616329.99
235983	1084689.1199999999
235985	51543.56999999999
23602	4605620.270000001
23608	36334.92
236152	1698.02
236213	43395.24
236256	514442.37
236302	30309.73
236408	309443.17
236609	100997.05
236610	53502.5
236668	33373.14
23683	25381.370000000003
236850	28379.82
236904	14647.380000000001
236983	1759383.38
237006	839630.3599999999
237081	49662.0
237149	19274.469999999998
237303	460435.48
237304	138462351.53
237491	1197617.6699999997
237502	107514.37
237523	31698.000000000004
237553	41080.89
237666	605159.91
237777	204377.71000000002
23780	644281.19
237818	3734907.79
237845	9177921.14
237851	823157.2900000002
237875	19746.59
23804	26377.16
238108	278618.85000000003
238125	39204.07000000001
238261	209053.69000000003
2383	893915.5000000001
238428	8317508.32
238557	23962.289999999997
238568	17526.28
238585	214287.05
239080	175434.86000000002
239107	332887.6
239197	1565917.5300000003
239258	2573602.9099999997
239461	1537597.38
239463	273144.19
239559	28333249.95
2396	108333119.72
239603	37261.310000000005
239632	4100483.1999999997
239708	118957514.17999999
239729	78173.83
239767	13873046.930000002
239863	18832.29
24	20.126645
240010	251190.5
240141	29551.629999999997
24017	1557.1499999999999
240178	219524156.56
240210	4877.290000000001
240224	228626861.84
240289	550262.2000000001
240298	110098396475.93001
240369	41647370.28
240380	26988.59
240391	6256603.279999999
240503	2144006.19
240522	11270.2
240768	410150.28
2408	18961959.08
24082	5179448.46
24083	45181.70999999999
240838	382283345.74
240913	32964.24
241036	85659916.92
241236	1000.12
2416	293390852.8900001
24168	1758939.4299999997
241963	70890.09
242061	51951.79
242300	4936823339.55
242337	33520.55
242354	70763.54
242455	38827.16
242503	37439872.669999994
242511	420833.55
242551	23788.92
24259	87151.04
242623	149332.36
242630	145350.85
242683	206390.94
242795	59387.94
242826	26115.04
242855	35143357.75
242908	68567.66
242984	31190.480000000003
243013	57124.840000000004
243028	71130.85
243044	9110.59
243187	954693333.5000001
24329	108599887.19000001
243311	24185.46
243528	300008.89
243541	337364.81999999995
243620	189058.15000000002
243704	46923.5
243737	75691.88
243785	3618817.8299999996
243787	168191.05
243913	12762.669999999998
243938	12644235.33
244047	10451.470000000001
24407	56142.76000000001
24457	186887.75999999998
24458	702717803.13
244653	35119.68000000001
244764	116626.31999999999
244870	17548.91
244885	2750.63
245043	4369.86
24520	208945.78999999998
24527	714398.7100000002
24528	382509.0499999998
245398	22395.27
245447	3573.9399999999996
24555	175407.7
245591	22960.27
245612	3954.63
24583	107946536.42999999
246061	85479.72
246084	2492.19
246115	15093.09
246267	20425.95
246312	5493814.109999999
2464	1586397452.090001
246487	186135.38
24658	33130.66
246614	28494.260000000002
246708	124463.59
246807	27473604.930000003
246827	26137.05
246851	1253574.8
24689	4299583.379999999
2470	2125893.6100000003
24703	111160.96
247100	41561.39
247191	159346.55999999997
24750	62369.270000000004
247526	13772.25
247533	15377.119999999999
247627	638869993.8100001
247646	13408060.650000002
247661	376.0
247662	3349.44
247769	7442.64
247841	49076.009999999995
247882	59812.130000000005
247912	4719.28
247968	83088.91
24798	2034609.26
248096	150929.25
248151	45441.619999999995
24816	117710.87
248250	56347.369999999995
248251	13661.57
24830	153186.34
24833	66543919.0
248381	47803.69
248412	1496.05
24842	165975.21
24878	344696.56000000006
248861	12997.04
249028	39463.8
249148	417400.03
249185	13350357.220000003
24924	2144247.9199999995
249383	10923.46
249406	9489523.349999998
249457	4865828.080000001
249478	12870.04
249485	78163.9
249492	17241.77
249500	1648.74
249537	43435.469999999994
249712	219521.21
249719	528005284.48999995
24972	59553.42999999999
249768	3923.1
249814	59672.060000000005
249820	10863.95
249964	26248.999999999996
25	129798265.70000006
250249	19947.120000000003
25025	108782585.92
250403	6250441955.519999
250537	4358776.32
250555	66451.28
250670	94196443.06
250697	31718.980000000003
250895	2389263.38
251127	16122.619999999999
251758	634577938.65
251769	76673826.7
251846	6983.1
251898	2756.16
251910	10814.09
251958	10418632.85
252069	4521916.0600000005
252094	3237994.2199999997
252201	2295724.9899999998
25222	166554.51
25268	76180557.39
252706	33851.810000000005
252811	2402484.14
252918	28609.940000000002
252944	1034989.6
252970	10016.58
252975	3543506.15
253012	1396326.9999999998
253053	21596.67
253109	4690190.48
253180	27730.29
25322	12268.94
253246	1081989.46
25333	48437.82
253338	8650.68
253451	16298.01
253568	129950.23
253580	782071.63
253658	17292.78
254080	108957.18
254115	31090.420000000002
25418	15397772.459999999
254225	420411.7
254306	1530376.38
254374	2039213.29
2544	5152071.809999999
25444	106792.54
254463	77706597.3
254512	508325.54
254749	2719460.56
25485	702290.6499999999
254889	2610703.37
254896	100848.11
25507	76524.34
255195	37649.97
255266	1671084.01
255595	663370.6300000001
25580	132921103.77
255831	4179698.66
255849	5426143.28
255931	149739.76999999996
25604	8526841.260000002
256086	250735.18999999997
256098	15797837609.91
256131	1924.27
256184	32276.5
256333	4864.37
25640	94304.23000000001
25642	127439306.51999997
25644	317415.66
256476	1686894.14
256514	651753.59
256525	287681.79
256528	9641.91
256745	231138.08000000002
256785	20708.87
256828	28478.410000000003
25699	178022.25999999995
257093	2752962.49
25716	27144.85
257203	28556.88
257259	36854.64
25731	39950.71
257575	25393.800000000003
25765	11825.609999999999
257757	26184.8
258069	19450.64
258207	1429893.3199999998
25828	351217056.2600001
25837	16340276.18
258439	446377.45
258566	19814.989999999998
258575	1317904.42
25864	44223.2
258663	1374405.22
25867	198505.06
258718	60496.16
258939	1471998.3800000001
25901	180509.55
25932	18380141.57
25935	123535.07999999999
259372	319190299.44
259505	677132.1099999999
25951	102893.30000000002
25954	19575.64
25961	415109.94
25964	25674.64
2597	220850621.80000004
259843	51091.899999999994
259893	10753557.31
259933	1775641.0000000002
25994	205053.1
26	1673339923.9299996
260153	113601.99
26016	63976.92
260180	7991.22
260183	9766.42
260376	37227.47
260391	6529.0199999999995
260500	6819433.279999999
26064	2526497.4000000004
260669	95461269.25
260674	5328735.15
260675	4323994.62
260802	780752065.4399999
2609	439679.10000000003
260969	42673832791.329994
260994	11562492.939999998
261070	253.31
261298	43988.74
26134	239992.75
261404	17118.91
261418	6973.76
261543	37145.24
261641	45660434.26
261766	16905.1
261797	36133.159999999996
261901	6415.08
261951	14035.54
26206	275159.86000000004
262084	2777167.49
262097	18973.63
262126	19199024.39
26241	106993.87
262462	3795474.5199999996
262478	46549.479999999996
262657	62137456819.86999
262678	4290481.68
262819	126414.35
262899	40639.75
262900	739.57
262974	35883.399999999994
263161	4487973.680000001
263210	9128090.89
263497	49193.780000000006
263507	2499460.99
263747	5415.23
263789	8671.119999999999
263935	15460.01
263961	64175.28999999999
264049	16204.28
26422	12901.48
264256	18333.4
264284	789606186.27
264297	2294124.93
264383	4219809.75
264628	8093.53
264674	3496956.85
264719	14949.560000000001
264945	242095.01
264946	41833.09
264977	10452.28
26504	3004376.41
265090	30735.32
265174	13396.92
265520	140025.27
265536	33951.66
26564	144187861.25999996
26567	54125.69
265740	4265429.2
265949	51917.58000000001
265950	4720.95
265987	13582796.020000001
266092	15937.66
266190	11066.94
26626	13819.72
26629	34189.51
266457	27074.79
266460	37080.6
26650	15162.67
266590	25612.550000000003
266660	45174.600000000006
266773	9647.64
26682	73762.23
266823	3964.3
266846	15819.61
266885	32795191.04
266915	4690132.86
266946	44301726.470000006
267024	6503.6
267037	195774.09
267073	18773.45
267151	520447.76
267286	614283.5
267742	624992.51
267957	6970.8
268104	896764.1000000001
268218	525184.46
268223	34004225.69
26830	340072.6
268324	14976.46
268354	14018.66
268356	27706.340000000004
268563	277041.6
268824	105339.04
268863	2969.48
26890	3795458.13
269112	302715.35
269178	3497.34
269232	65342.380000000005
269579	2075.3
26967	224112104.46999997
269677	24304.54
26989	41195628.74999999
269946	122569.8
26999	41279596.660000004
27	33265638.91000001
270221	424.21
270236	28229.5
270495	3051.7
270587	5738.349999999999
270601	537.99
27076	22788.54
270844	25067.89
270941	4156.58
271042	13983.34
27107	23726.25
27143	1324327.5599999998
271603	3439253.21
271673	60271.83
271892	9456.16
272023	19454.670000000002
272140	25544193.51
272142	44924725481.80003
272237	11616.3
272303	16069.82
272343	6848.629999999999
272471	29890.180000000004
272767	2667983.21
27283	6497.56
272855	85107.22
272858	65822.89
272896	64314562.11000002
273388	14339.619999999999
273429	4247.1
273696	7689278.370000001
273734	8719.19
273752	8414618.46
273931	18669.66
274066	2911977.6499999994
274125	14758.2
274159	5104.59
274249	11014.59
27427	140073340.56000003
27432	13408006.84
274453	3450.97
274521	16764.73
27453	243286.17
274634	14951014.03
274707	14854.98
274745	6892592.19
27485	48417.6
27495	18508314.799999997
27496	54696.03
275027	1497108059.75
275092	359667262.56
275107	46657155.18000001
27512	31071042.259999998
275124	8471420.82
275244	14766.82
27543	296771.47
27579	104531.25
275814	2461.75
275854	17965.890000000003
276002	1296562011.32
276164	188581.63
276218	11652.220000000001
276279	26670.43
276490	914.71
27656	159264.07
27667	40940.58
276921	3231.02
276976	478682.88000000006
277047	5971712.92
277068	2345.3900000000003
277079	190487.10000000003
277109	179163237.98000002
277240	2760043.33
277416	113163730.19999999
277486	14570169697.15
277520	21741.2
27753	72187561.38
277547	4007521.0500000003
277591	18396.02
2776	696494.7799999996
277726	1834783.82
277760	840083.72
277769	18365.059999999998
278097	15932.039999999999
278166	5929.82
278525	31132.17
278557	7217.25
278662	4736.2699999999995
278678	36836.920000000006
278696	817.51
27880	134672.88
278904	1469769.76
27904	58114.61
27907	51757177.77
279095	3448.2200000000003
279336	4365.92
27934	200641.19
279382	12296.16
279408	19373107.69
279443	2539.05
279455	7515.5
279511	844219.0
279562	11027.08
279566	48642.38
279590	97518.78
27974	48020.03
279758	439064.13
28	150337942.07999998
280086	53390.5
280106	9877.59
280161	893.36
280232	12683.75
280240	4965.73
280402	697322.3400000001
280491	3634138.26
280580	235217.02000000002
281140	5172.47
281213	2695.19
281575	13343.84
281588	1711580.13
281653	185196.20999999996
28174	106391.01999999999
281740	205078.13
281762	1493121.4500000002
282	139295600.82000002
28204	2248670.7
28219	11115659.47
282195	586149.5
282230	60023.78
282271	4602.51
282635	4226.16
282708	68061.86
28271	6096.040000000001
282738	84425.02
282858	1402.3
282903	6286.0199999999995
28291	95230.12999999999
283110	247140.40000000002
28313	168781581.38000005
283264	15303.529999999999
283374	8173.52
283473	8034.4800000000005
28348	129230.75
283511	152236.92
283540	303923.94
283866	21135.96
283880	3779.63
283881	15165.51
283928	2627.43
283965	129607.14
284019	26396062.779999997
284139	4793.65
284140	2724.81
284408	2179.04
284489	20399.170000000002
28474	219451.77000000002
284762	1781890.4
284774	20744.16
284866	207693.24000000002
284944	112764.33000000002
28497	23848.18
285008	10336.05
285056	20860.71
285103	709.31
285224	10.57
285238	4920.2
285462	121274.98000000001
285508	4160.61
285592	13255.8
28561	35165.85999999999
285617	5210.34
28572	24270.96
285729	9861.85
285982	5991.02
286263	110349.85
286282	49.33
286299	231.78
286495	5103.0
286585	16699.48
287060	182868.78
28720	14935.14
287218	2352.72
287247	3673.1
287261	39855.67
287306	9159.16
287419	2245.26
287580	33729.38
28772	67663.73
28780	35638.130000000005
28781	306316.25999999995
287996	6264.71
288257	4317.400000000001
288441	7839086.5
288507	14492.19
288558	4716.02
28868	152919343.77000004
288720	9804.26
288806	13779.75
288939	4140.28
288942	38995.37
288946	32314188.610000003
28905	937830766.9799998
289151	8336.42
289192	12254.46
289221	3067.72
289869	5562.219999999999
289994	3488.35
29	313935235.4499999
290317	3809.19
290324	2904.96
290449	16187.27
291026	5543.93
291303	31868.73
291683	30952.409999999996
29196	128307.41
291960	28080.870000000003
29205	31830.170000000002
292109	9101.400000000001
292328	4452.55
29236	548741.56
292757	2913.47
292955	4737.66
292993	2689.07
293114	21010.63
29319	75120.52000000002
293214	467.76
293268	617296.0
293802	41408.25
293924	38969819.789999984
293947	184899.32000000004
293977	5482262.890000001
294136	124790.31
294234	31735925.3
294248	63849.44
294328	48256.22
294469	3338.75
294519	1940.09
294599	2390.65
29463	7252522.970000001
294770	12780.43
294860	4209.47
29504	97738.28
29507	540.45
295119	423778.49000000005
295228	145698.91000000003
295233	166845.4
29533	60538.11
2954	182923422.67
295516	41697.340000000004
295532	84885.34
29556	28467.92
29574	245724.15000000002
295757	68180344.08999999
295764	259562.05000000005
295769	11841.34
295903	278689.06
295953	6859.9400000000005
29598	307548.44
295998	18035.08
296166	3730.79
29630	1109860.3900000001
29652	468620.13
29655	157287.6
296574	89962.14
296646	303.72
296819	2596.94
296864	61024.649999999994
29689	6415790.739999999
29691	23531.129999999997
296992	37439.12
297025	858201.23
297167	478167.89
29723	807879.9600000001
297387	5759.389999999999
29739	371244.31000000006
297435	17222341.669999998
297619	4250.67
29765	22656754.07
297695	8569.42
297934	1939498.56
297986	5771.85
29817	238212.15999999997
298178	977.61
298199	101328406.92
298213	3945.22
298409	42606.78
298437	3190.1
29869	756359.0599999999
298720	21718.21
298760	3556.13
29877	7472729593.26
298798	32796.78
298985	6909.47
299103	879.12
299336	55595.15999999999
299377	55326.729999999996
299402	35188.78
299432	3037.78
299560	32686.23
299587	6637.49
29967	71186.4
299693	6456.73
29977	115003.19
299774	70869.70000000001
3	21519197498.07
30037	101508.28000000001
30239	23840.64
30351	66706.83
30356	17978.710000000003
30562	24541.75
30846	686868.8300000002
30935	123331.51999999999
30939	203592.66000000003
31074	125284231.33
31224	24175.340000000004
31317	10639.59
31562	407358437.67
31604	5695.38
31691	154392.73000000004
31928	65959.55
31953	54995.310000000005
32425	41954.130000000005
32439	74499611.92
32476	67117.03
32512	51933.96
32525	57060.89
32628	60117222.13
32700	29179.25
32750	8658.59
32893	56913.590000000004
32912	78184.34
33007	4394.19
33044	13920.420000000002
33065	35515.11
33128	29067.26
33356	140998.87999999998
33441	43231.78
33743	27773.95
34024	83749.64000000001
34085	312203.31000000006
34319	32106.21
34338	1215972.4600000002
34340	29059.5
34402	427386.92999999993
34458	86753.75000000001
34534	38687.51
34562	44216.920000000006
34627	40263185.419999994
34658	40408.34
34715	290219.79
34838	23074.95
34863	136121513.47
34953	640628.2200000001
3503	1415936.9599999997
35110	34678.37
35210	3410314.05
35364	1353781.7900000003
35456	52274.98
3556	65812.26999999999
35610	561903.76
35634	197524151.21
35678	944903.4699999999
357	526011.01
35832	405698.1400000001
35862	554428.3
36048	359440.81000000006
36274	1978376.5200000003
36326	522537.79
36352	6631955.3999999985
36395	31013.61
36435	38515.86
36454	357253.9799999999
36496	75699.98999999999
36568	33071.2
36682	28104.199999999997
36696	640841.3799999999
36897	149902.28
369	45468289.54999999
36925	517059.36
37048	244729.81999999998
37220	390674.18
37262	126071.66
37293	67808.84
37350	34715.649999999994
37523	44479.13
37534	33773.72
3761	463666.24000000005
37737	98192.88
37875	16936523.95
37910	34719286.28
38053	225331.98999999996
3806	96463.08
38094	534593.03
38110	88708539.44
38166	1017193.04
38319	2226728.3
38374	266383.89
38449	17720.260000000002
38459	34497.28
38471	239775.21999999997
38577	451895.39
38633	63691.42
38679	1092377.72
38787	17885.850000000002
38871	280244971.16
3902	234601205.07000002
39061	702570.1000000001
39167	14053537.94
39282	523687.51999999996
39370	5063.72
39382	1325590.9099999997
39424	7797818336.199999
39447	26580627.599999998
39525	245272.64
39566	135315.72
39609	145878.16
39740	408071.45999999996
39779	239848.76
39921	31929.070000000003
39959	57870.10999999999
4	2397545595.8900003
4011	327497.35000000003
40162	61684.45
40304	20562.23
40363	50009323.9
40428	50081.71000000001
40492	518706.09
40526	148485.47
40531	179818.0
40610	300765.38
40692	63830.6
40713	164540.65
40792	231328.99
40850	10542347.190000001
40999	270279.73000000004
41340	447343875.92999995
41404	34813.05
41892	555511.27
4191	141585.15000000002
4214	291721.08
42356	20332.15
42418	17463.97
4252	227248223.44
42527	41478.7
42533	30432537.83
42607	84245.91999999997
42614	660.42
42866	472.02
4292	204975.07
42935	34605.04
42957	41118017.720000006
42983	231100484.85000002
43018	105193.34
4339	1399308057.83
43404	199305.03
43766	79894.17
43815	42810733.639999986
43858	137863.19
43948	189800.15000000002
44188	28002.489999999998
44198	4815.08
44211	261490.59
4424	157034.21
44362	240959.13000000003
44393	167198.34000000003
44400	54657.0
44610	4446.99
44683	38486.25
45181	2599912.39
45195	263148.60000000003
45327	6484.79
45460	15262.79
4548	240759161.8500001
4563	86445905.45000002
45751	54208.95
45793	44618.22
45888	71382.51
45920	1334211.33
46060	14462.19
4609	97578.52
46350	181896.57
46526	42823.61
46529	164505.08000000002
46617	127215.06999999999
46657	45481.09
4687	271832.20000000007
46977	546772.06
47189	54219.020000000004
47246	2715093.98
47257	255727.18
47299	24324925.209999997
47319	15054.09
47423	144291.92
4744	184008.75
47650	128182.90000000001
47750	26591.329999999998
47857	10577.91
48016	35547882294.17999
48125	2007.2399999999998
48258	41536.1
48361	277.73
48410	32142.4
48573	25203.03
48619	26286.08
48639	75920.41
48741	19149.77
48786	27865.29
48885	272655.36
48911	25558.34
48937	56199.43
48976	102218.59
49162	39523.21
49283	162218.85
49448	113.1
49572	49962.79
49749	6650.33
49794	15022.179999999998
49915	1694708.83
5	40107867117.91999
50178	17698.760000000002
50251	22176.269999999997
50267	29253.64
50416	37730670.870000005
50442	3321022.43
50612	150064789.98
50719	11395432.89
50991	11434993.779999997
51011	4150806.02
51037	13201.26
51094	1298.3
51153	1676561.07
51213	12132079.38
51244	2181553744.73
51255	6458862.580000001
51314	8525551.64
51556	24060.0
51561	13327.16
51752	5716.530000000001
519	27159954.2
51969	6519117.12
52036	247.6
52134	9820940868.500002
52304	7032.87
52350	233489.92
52356	15362.710000000001
52382	8735173.35
52481	906276018998.46
52653	4605190.71
53036	3796738.9600000004
53267	175185.33000000002
53518	16588.95
53620	6985.33
53813	15704.480000000001
53839	29472.7
53863	36893.21
53964	8281.93
53987	13255.91
54057	9611.14
54227	18176.399999999998
54315	1293307.27
54330	2852016.67
54349	1721293.47
5435	81277.78000000001
544	721937933.09
54448	1165307.33
54471	2583257.92
54621	5628068.390000001
54734	1786710.58
5475	18358096.93
54756	392343.18
54762	3678464.05
54908	1951127.31
54922	43387.490000000005
54924	813357.8
54976	2450659.03
55002	42659.0
55019	1385869.1199999999
55079	37321.0
5510	106124.84
55114	101383.21
55148	36582.77999999999
55207	1836378.3599999999
55271	10428.62
55328	3721840.04
55377	2505453.8
55397	83275.3
55436	1452776.8000000003
55463	8176648.18
5560	141121148.19
55618	3232879.67
55624	5729432.43
55659	31337.730000000003
5569	148741.49
55690	3597687.41
55918	9938.259999999998
55926	2356936.95
5610	635282322.5200002
56218	25046.35
56311	9010482.53
56357	306135.65
56386	32671.65
5655	34534288.56
5665	16780650.03999999
56661	1095600.06
56870	39122.76
56943	245326.81
57107	325425941.4100001
57138	90491788.75000001
57365	94118480.78999999
57457	41334.450000000004
57486	31981.46
57523	205814.65
5763	42751305.54999999
57778	190532.50000000003
57826	124967.32
5784	157387.12999999995
57903	3730.5299999999997
57982	22005.31
58008	83843.32
58027	18207.949999999997
58150	63176.42
5838	3927266.0799999996
59180	392978.94
5965	2685005.1200000006
5991	75618064.58999997
6	110250246.81
60001	25100.25
60075	5061.150000000001
60269	626545.35
60332	2342.41
60383	37579.96
60676	26149.7
60808	1178644.5699999998
6109	5839452.839999999
61157	17379.4
61191	112786.37
61294	31220.579999999998
61358	6319.11
6138	396805.15000000014
61411	17787239.490000002
61464	2193425.06
61698	24503.989999999998
61722	13591.02
61776	28906.2
61869	1289.96
61883	44513.0
62040	1121984.01
62536	3788.3599999999997
6255	123690.24
63074	16497.92
63145	2682.2799999999997
63227	15210.03
63262	35026.71
63422	4841651.65
63466	3136537.29
63507	1774830.6
63512	2587469.22
63530	29490.56
63542	3723520.3299999996
63576	51505.840000000004
63750	16432.489999999998
63854	740738.83
63941	35750.829999999994
63963	5420487.95
64076	14033.9
64097	45780.17
64147	62272.68
64150	30043.57
64187	263801.59
6422	507025331.90999997
64312	11312565.34
64314	4296.94
64465	30375.19
64485	29360.29
64949	10915.93
64987	38795.44
65161	121804.84
65174	48032.88
65195	17211.13
6521	2343002.3199999994
65399	1420033.79
65537	1699063.3599999999
65773	9248700.559999999
65813	5273.07
65994	672291.47
66188	28654.559999999998
66226	16378.89
66228	10258903.360000003
66240	17436.09
66346	969275.59
66389	267823.97000000003
66397	42466.439999999995
66505	151886821.15999997
66937	4891.139999999999
6697	1793494.9100000001
67232	2858.93
67329	950621.4799999999
67363	993194.3300000001
67421	41284.81
67423	41712453.85
67434	1003089.24
67498	3534.53
68029	9752.22
68053	403190.95
68228	94435.26
68235	6745.66
68240	4029.28
68340	7951.210000000001
68414	4181314.79
6845	152762.03999999998
68489	20058.4
68533	104067.33999999998
69100	15681.400000000001
69280	52489.5
69308	13637.2
69429	21201.2
69547	36208.87
69864	3015.42
70	12878.329999999998
70253	2283.7
7030	463312.73000000004
70421	7115.200000000001
70443	35686.770000000004
7061	218997.06000000003
70691	234.72
70920	10323.6
7098	29729292.28000001
71251	5013.72
71306	153500.44
7141	536884.0499999999
718	11689018.33
71901	3412.68
72043	40926075.21
72058	18065.15
72230	1391743014.2699997
72269	37993382.83
72442	20135.67
72709	30873.29
72834	9254.02
72862	11373.59
7317	184156.78000000003
73224	13837.49
73548	1776.87
73691	13380713.010000002
7385	108200.04
73960	169.45
74061	16763610986.24
741	429528511.1000001
7410	63362.850000000006
74243	91348.79
74361	1768067.42
74511	14234.09
74621	16782874.52
74789	106477457.23
74875	31197.489999999998
74925	18433578.450000003
75101	8039000.060000001
75129	4734105.04
75143	3761269008.74
7537	487629.25999999995
75384	2561.09
75457	2500.27
75545	86472.22
75594	29895.54
75658	7229.33
76	15189871.07
76077	1810570.5499999998
7611	356057387.15000004
76131	7230.589999999999
7618	303911.16
76186	62.28
76716	75976.95000000001
76789	3675.3
76941	29938.890000000003
76966	6217.469999999999
7720	304716.31
77333	2292169.79
77468	1888149.8599999999
77608	1544096.18
7770	2656817.0500000003
7793	139941.81000000003
7810	64824.03999999999
78116	2921.4
78141	683870430.5999999
7818	9160067.530000001
78185	33387.39
78263	256816.31
78479	4802.73
78485	22287.53
78520	1946.5700000000002
78843	1352026.5999999999
78860	778516.1299999999
78911	189077.83000000002
78925	13695.96
79159	312.48
79173	2556662.49
79177	1929802.8900000001
79331	867330.96
79397	2268337.31
79508	684635.59
79632	14484.08
79759	770948.02
79786	527418.37
79902	35931.759999999995
7998	106756064.17999999
8	87725.87
80082	437.51
80222	1434495.23
80472	36372.35
80657	201.4
80733	512606.01
80894	14781.849999999999
80985	1363.2
81153	1413305.73
81243	244942.4
81301	1712.62
81413	12236908.24
81428	69103042.35
81530	1574577.28
81665	20301.570000000003
81694	11020.63
81756	2499068.07
81853	5383.02
81981	351645.99
82062	7635.38
82071	410.42
82184	55995.89
82398	31078.879999999997
82656	6799.46
82734	1507.84
82745	12090.29
8285	151927900.57000002
83045	3256.73
83341	383165.4
8341	949976.06
83545	912.62
83783	4875.84
8381	3923447.61
83840	160321.00999999998
83906	33979.45
84099	3760.68
84439	4638.62
8447	59573.06
84513	30759.71
8456	170716.45
84563	4373.91
84690	299787.37
84764	37616.62
8483	128247.22000000002
84836	9820.55
8513	108463534.12999998
85142	27214.57
85193	3354.87
85354	817336.1699999999
85417	11027.75
8563	3012900.36
85925	4671.97
85946	13363.310000000001
86106	147111.82
86339	1026738.84
86387	8071.35
86623	21699.57
86665	109376.40000000002
867	1790120392.4099994
8713	293015.81
87335	10519.34
87347	24038.75
87487	936.01
87534	4164.32
87920	133389.94
88195	86452.15
88214	8586.54
88231	79.31
88292	2034.38
88304	56921.93
88334	167.36
88345	867.57
88409	8156.43
88485	48780.229999999996
88542	1880.35
88652	4978.25
88722	14764.52
8882	275695.73
88956	867016.24
88960	33447463.75
89014	1750.86
8903	236862.75000000003
8904	398870.62000000017
89090	44958.479999999996
89162	3443.51
8917	342913269.65000004
89311	11074.19
89403	8883.640000000001
89429	140.12
89460	3866.47
89529	4864.88
89616	3592.87
89617	88.63
89658	2113.86
89699	15117.96
89732	764.67
89763	3510.58
89786	3442.98
8996	1199155.4899999998
89999	1012.43
9	36981819.980000004
90072	876971.16
9028	408229.50999999995
90424	178895.74
9043	1541824468.7500002
90556	38347679.08
91049	8313.75
91414	9083.3
91432	12910.4
91647	2805.37
91692	1564.46
91751	8061.26
9238	3186488.1999999997
92518	4060.1000000000004
93219	19946.95
93291	15064.11
9340	686480.92
93440	56221.78999999999
93463	15094.53
93615	25481.699999999997
9376	116526111.27999997
93778	7814.860000000001
94047	22163427.759999998
94155	691.45
94379	6686609.36
94635	26129.23
94906	21246.88
94950	1405.98
95060	4357.2
95067	31191.38
952	683661.0700000001
95274	631550.3600000001
95432	3383.25
95518	58490.380000000005
95525	4685.11
95638	12018.720000000001
96134	3360.24
96216	264579.02
96471	176812.41
96559	3897.48
96670	125895.73
96765	46427.66
97005	12743.84
97055	5104.38
97075	125951.12000000001
97149	2028.19
97163	11936.49
97328	6804.94
97570	86687.03000000001
97581	5361.38
97584	45794.57
97604	22.95
97663	61821.65000000001
97786	8301.42
97811	18596.32
97901	40661.030000000006
97958	1253.17
97972	5356.23
98226	2027.5700000000002
98343	777.43
98432	41264.15
98585	9715.869999999999
98593	116322.46
98616	2283.98
98620	44064.8
98733	27297.51
9888	613922.9800000001
99082	1461.8
99321	850.11
99479	238133.46000000002
99552	97168.58000000002
99619	1549.94
99677	48633142.46
99709	880.85
99883	40009.340000000004
99927	226947.33000000002
